seq,HOTA(0),LocA(0),HOTALocA(0),HOTA___5,HOTA___10,HOTA___15,HOTA___20,HOTA___25,HOTA___30,HOTA___35,HOTA___40,HOTA___45,HOTA___50,HOTA___55,HOTA___60,HOTA___65,HOTA___70,HOTA___75,HOTA___80,HOTA___85,HOTA___90,HOTA___95,HOTA___AUC,DetA___5,DetA___10,DetA___15,DetA___20,DetA___25,DetA___30,DetA___35,DetA___40,DetA___45,DetA___50,DetA___55,DetA___60,DetA___65,DetA___70,DetA___75,DetA___80,DetA___85,DetA___90,DetA___95,DetA___AUC,AssA___5,AssA___10,AssA___15,AssA___20,AssA___25,AssA___30,AssA___35,AssA___40,AssA___45,AssA___50,AssA___55,AssA___60,AssA___65,AssA___70,AssA___75,AssA___80,AssA___85,AssA___90,AssA___95,AssA___AUC,DetRe___5,DetRe___10,DetRe___15,DetRe___20,DetRe___25,DetRe___30,DetRe___35,DetRe___40,DetRe___45,DetRe___50,DetRe___55,DetRe___60,DetRe___65,DetRe___70,DetRe___75,DetRe___80,DetRe___85,DetRe___90,DetRe___95,DetRe___AUC,DetPr___5,DetPr___10,DetPr___15,DetPr___20,DetPr___25,DetPr___30,DetPr___35,DetPr___40,DetPr___45,DetPr___50,DetPr___55,DetPr___60,DetPr___65,DetPr___70,DetPr___75,DetPr___80,DetPr___85,DetPr___90,DetPr___95,DetPr___AUC,AssRe___5,AssRe___10,AssRe___15,AssRe___20,AssRe___25,AssRe___30,AssRe___35,AssRe___40,AssRe___45,AssRe___50,AssRe___55,AssRe___60,AssRe___65,AssRe___70,AssRe___75,AssRe___80,AssRe___85,AssRe___90,AssRe___95,AssRe___AUC,AssPr___5,AssPr___10,AssPr___15,AssPr___20,AssPr___25,AssPr___30,AssPr___35,AssPr___40,AssPr___45,AssPr___50,AssPr___55,AssPr___60,AssPr___65,AssPr___70,AssPr___75,AssPr___80,AssPr___85,AssPr___90,AssPr___95,AssPr___AUC,LocA___5,LocA___10,LocA___15,LocA___20,LocA___25,LocA___30,LocA___35,LocA___40,LocA___45,LocA___50,LocA___55,LocA___60,LocA___65,LocA___70,LocA___75,LocA___80,LocA___85,LocA___90,LocA___95,LocA___AUC,OWTA___5,OWTA___10,OWTA___15,OWTA___20,OWTA___25,OWTA___30,OWTA___35,OWTA___40,OWTA___45,OWTA___50,OWTA___55,OWTA___60,OWTA___65,OWTA___70,OWTA___75,OWTA___80,OWTA___85,OWTA___90,OWTA___95,OWTA___AUC,HOTA_TP___5,HOTA_TP___10,HOTA_TP___15,HOTA_TP___20,HOTA_TP___25,HOTA_TP___30,HOTA_TP___35,HOTA_TP___40,HOTA_TP___45,HOTA_TP___50,HOTA_TP___55,HOTA_TP___60,HOTA_TP___65,HOTA_TP___70,HOTA_TP___75,HOTA_TP___80,HOTA_TP___85,HOTA_TP___90,HOTA_TP___95,HOTA_TP___AUC,HOTA_FN___5,HOTA_FN___10,HOTA_FN___15,HOTA_FN___20,HOTA_FN___25,HOTA_FN___30,HOTA_FN___35,HOTA_FN___40,HOTA_FN___45,HOTA_FN___50,HOTA_FN___55,HOTA_FN___60,HOTA_FN___65,HOTA_FN___70,HOTA_FN___75,HOTA_FN___80,HOTA_FN___85,HOTA_FN___90,HOTA_FN___95,HOTA_FN___AUC,HOTA_FP___5,HOTA_FP___10,HOTA_FP___15,HOTA_FP___20,HOTA_FP___25,HOTA_FP___30,HOTA_FP___35,HOTA_FP___40,HOTA_FP___45,HOTA_FP___50,HOTA_FP___55,HOTA_FP___60,HOTA_FP___65,HOTA_FP___70,HOTA_FP___75,HOTA_FP___80,HOTA_FP___85,HOTA_FP___90,HOTA_FP___95,HOTA_FP___AUC,MOTA,MOTP,MODA,CLR_Re,CLR_Pr,MTR,PTR,MLR,sMOTA,CLR_F1,FP_per_frame,MOTAL,MOTP_sum,CLR_TP,CLR_FN,CLR_FP,IDSW,MT,PT,ML,Frag,CLR_Frames,IDF1,IDR,IDP,IDTP,IDFN,IDFP,Dets,GT_Dets,IDs,GT_IDs
0000,0.261840802894824,0.5384210006458529,0.14098058710454464,0.261840802894824,0.261840802894824,0.261840802894824,0.261840802894824,0.261840802894824,0.22190070006058132,0.19117977822546814,0.19117977822546814,0.12783348523746557,0.12783348523746557,0.08680326914815788,0.08680326914815788,0.06675573372931909,0.06675573372931909,0.06675573372931909,0.061309585288329506,0.02742042485535409,0.0,0.0,0.13851236795202765,0.08522727272727272,0.08522727272727272,0.08522727272727272,0.08522727272727272,0.08522727272727272,0.07303370786516854,0.06111111111111111,0.06111111111111111,0.04371584699453552,0.04371584699453552,0.032432432432432434,0.032432432432432434,0.0213903743315508,0.0213903743315508,0.0213903743315508,0.015957446808510637,0.005263157894736842,0.0,0.0,0.0452147673829258,0.8044444444444444,0.8044444444444444,0.8044444444444444,0.8044444444444444,0.8044444444444444,0.6742081447963801,0.5980861244019139,0.5980861244019139,0.3738095238095238,0.3738095238095238,0.23232323232323235,0.23232323232323235,0.20833333333333331,0.20833333333333331,0.20833333333333331,0.23555555555555555,0.14285714285714285,0.0,0.0,0.42675162244740217,0.7894736842105263,0.7894736842105263,0.7894736842105263,0.7894736842105263,0.7894736842105263,0.6842105263157895,0.5789473684210527,0.5789473684210527,0.42105263157894735,0.42105263157894735,0.3157894736842105,0.3157894736842105,0.21052631578947367,0.21052631578947367,0.21052631578947367,0.15789473684210525,0.05263157894736842,0.0,0.0,0.4265927977839336,0.0872093023255814,0.0872093023255814,0.0872093023255814,0.0872093023255814,0.0872093023255814,0.0755813953488372,0.06395348837209303,0.06395348837209303,0.046511627906976744,0.046511627906976744,0.03488372093023256,0.03488372093023256,0.023255813953488372,0.023255813953488372,0.023255813953488372,0.01744186046511628,0.005813953488372093,0.0,0.0,0.047123623011015914,0.8044444444444444,0.8044444444444444,0.8044444444444444,0.8044444444444444,0.8044444444444444,0.723076923076923,0.6606060606060606,0.6606060606060606,0.4895833333333333,0.4895833333333333,0.3444444444444444,0.3444444444444444,0.31666666666666665,0.31666666666666665,0.31666666666666665,0.35555555555555557,0.25,0.0,0.0,0.4889538093485462,1.0,1.0,1.0,1.0,1.0,0.8741258741258741,0.7685950413223139,0.7685950413223139,0.5653409090909091,0.5653409090909091,0.4090909090909091,0.4090909090909091,0.34090909090909094,0.34090909090909094,0.34090909090909094,0.3636363636363636,0.25,0.0,0.0,0.5787654331314618,0.5384210006458529,0.5384210006458529,0.5384210006458529,0.5384210006458529,0.5384210006458529,0.578274261451998,0.6235618996386836,0.6235618996386836,0.6950240606170945,0.6950240606170945,0.7533988346644672,0.7533988346644672,0.8214530306500818,0.8214530306500818,0.8214530306500818,0.8391886876342767,0.8823805701915901,1.0,1.0,0.7158040633840981,0.7969239106076851,0.7969239106076851,0.7969239106076851,0.7969239106076851,0.7969239106076851,0.6791909227879325,0.5884389414473131,0.5884389414473131,0.39672847605040046,0.39672847605040046,0.2708601692016899,0.2708601692016899,0.20942695414584772,0.20942695414584772,0.20942695414584772,0.19285482222682518,0.086710996952412,0.0,0.0,0.4254585437285234,15.0,15.0,15.0,15.0,15.0,13.0,11.0,11.0,8.0,8.0,6.0,6.0,4.0,4.0,4.0,3.0,1.0,0.0,0.0,8.105263157894736,4.0,4.0,4.0,4.0,4.0,6.0,8.0,8.0,11.0,11.0,13.0,13.0,15.0,15.0,15.0,16.0,18.0,19.0,19.0,10.894736842105264,157.0,157.0,157.0,157.0,157.0,159.0,161.0,161.0,164.0,164.0,166.0,166.0,168.0,168.0,168.0,169.0,171.0,172.0,172.0,163.89473684210526,-8.210526315789474,0.6950240606170945,-8.210526315789474,0.42105263157894735,0.046511627906976744,0.0,1.0,0.0,-8.338937237634909,0.08376963350785341,1.0649350649350648,-8.210526315789474,5.560192484936756,8,11,164,0,0,2,0,0.0,154,0.08376963350785341,0.42105263157894735,0.046511627906976744,8,11,164,172,19,6,2
0001,0.5409558396316309,0.7268365137127643,0.3931864565504158,0.5409558396316309,0.5409558396316309,0.5409558396316309,0.5409558396316309,0.5409558396316309,0.5409558396316309,0.5409558396316309,0.5409558396316309,0.536085385284598,0.5060120922239003,0.4746580877856189,0.431006186616515,0.41379663662265,0.335144008691524,0.2676594704273106,0.1433932209226965,0.06063921941208215,0.008039717836582463,0.0,0.3949516180461329,0.4117647058823529,0.4117647058823529,0.4117647058823529,0.4117647058823529,0.4117647058823529,0.4117647058823529,0.4117647058823529,0.4117647058823529,0.40145985401459855,0.37142857142857144,0.3333333333333333,0.2972972972972973,0.28859060402684567,0.24675324675324675,0.18518518518518517,0.10344827586206896,0.043478260869565216,0.005235602094240838,0.0,0.2931751514696725,0.710680678190938,0.710680678190938,0.710680678190938,0.710680678190938,0.710680678190938,0.710680678190938,0.710680678190938,0.710680678190938,0.7158562367864694,0.6893606393606395,0.6759009009009009,0.6248503924875706,0.5933237398965674,0.45519768448739334,0.3868645973909131,0.198762286130324,0.08457364341085272,0.012345679012345678,0.0,0.5327621697574463,0.5283018867924528,0.5283018867924528,0.5283018867924528,0.5283018867924528,0.5283018867924528,0.5283018867924528,0.5283018867924528,0.5283018867924528,0.5188679245283019,0.49056603773584906,0.4528301886792453,0.41509433962264153,0.4056603773584906,0.3584905660377358,0.2830188679245283,0.16981132075471697,0.07547169811320754,0.009433962264150943,0.0,0.38977159880834167,0.6511627906976745,0.6511627906976745,0.6511627906976745,0.6511627906976745,0.6511627906976745,0.6511627906976745,0.6511627906976745,0.6511627906976745,0.6395348837209303,0.6046511627906976,0.5581395348837209,0.5116279069767442,0.5,0.4418604651162791,0.3488372093023256,0.20930232558139536,0.09302325581395349,0.011627906976744186,0.0,0.4804161566707467,0.7588826155462185,0.7588826155462185,0.7588826155462185,0.7588826155462185,0.7588826155462185,0.7588826155462185,0.7588826155462185,0.7588826155462185,0.7652941176470589,0.7550692873303168,0.7580958946078432,0.7316176470588235,0.708515731874145,0.5945046439628483,0.5453431372549019,0.3272058823529412,0.15680147058823526,0.025,0.0,0.6020267756340454,0.9346301020408163,0.9346301020408163,0.9346301020408163,0.9346301020408163,0.9346301020408163,0.9346301020408163,0.9346301020408163,0.9346301020408163,0.922077922077922,0.8770375457875458,0.8358382936507937,0.7856060606060606,0.7656699889258028,0.669047619047619,0.5793650793650793,0.34761904761904766,0.15833333333333333,0.023809523809523808,0.0,0.707444485818382,0.7268365137127643,0.7268365137127643,0.7268365137127643,0.7268365137127643,0.7268365137127643,0.7268365137127643,0.7268365137127643,0.7268365137127643,0.7321188818932816,0.7466254466175157,0.7643533282932623,0.7824115000446727,0.7860006859164634,0.8002632509645906,0.8217451832000008,0.8530125072559641,0.8893327923827443,0.9068676204060672,1.0,0.7840749108777199,0.6127429666631944,0.6127429666631944,0.6127429666631944,0.6127429666631944,0.6127429666631944,0.6127429666631944,0.6127429666631944,0.6127429666631944,0.6094545428840743,0.5815298078535618,0.5532344281436459,0.5092856379602477,0.4905995640256853,0.4039604876357988,0.3308927022369255,0.18371740887574395,0.07989315667713938,0.010792065137302935,0.0,0.4555422913018779,56.0,56.0,56.0,56.0,56.0,56.0,56.0,56.0,55.0,52.0,48.0,44.0,43.0,38.0,30.0,18.0,8.0,1.0,0.0,41.31578947368421,50.0,50.0,50.0,50.0,50.0,50.0,50.0,50.0,51.0,54.0,58.0,62.0,63.0,68.0,76.0,88.0,98.0,105.0,106.0,64.6842105263158,30.0,30.0,30.0,30.0,30.0,30.0,30.0,30.0,31.0,34.0,38.0,42.0,43.0,48.0,56.0,68.0,78.0,85.0,86.0,44.68421052631579,0.16981132075471697,0.7466254466175157,0.16981132075471697,0.49056603773584906,0.6046511627906976,0.3333333333333333,0.3333333333333333,0.3333333333333333,0.04551437003878132,0.5416666666666666,0.07606263982102908,0.16981132075471697,38.82452322411082,52,54,34,0,1,1,1,3.0,447,0.5416666666666666,0.49056603773584906,0.6046511627906976,52,54,34,86,106,4,3
0002,0.8301751750420141,0.7525092822584232,0.6247145251196269,0.8301751750420141,0.8301751750420141,0.8301751750420141,0.8301751750420141,0.8201788900256382,0.8102913500060658,0.8005107926801933,0.8005107926801933,0.8005107926801933,0.7908354936939377,0.7908354936939377,0.7695991756053583,0.7378598693468087,0.6488072968055263,0.38930154478516726,0.13923527073211703,0.046806485956072244,0.005997547504503465,0.0,0.6143148155980931,0.8478260869565217,0.8478260869565217,0.8478260869565217,0.8478260869565217,0.8378378378378378,0.8279569892473119,0.8181818181818182,0.8181818181818182,0.8181818181818182,0.8085106382978723,0.8085106382978723,0.7801047120418848,0.7346938775510204,0.6346153846153846,0.3821138211382114,0.13712374581939799,0.046153846153846156,0.005917159763313609,0.0,0.6236520238492366,0.812891737891738,0.812891737891738,0.812891737891738,0.812891737891738,0.80289213647795,0.7930026322883466,0.7832214245746872,0.7832214245746872,0.7832214245746872,0.7735467518433765,0.7735467518433765,0.7592351154272309,0.7410395042453329,0.6633165829145728,0.3966244725738397,0.1413793103448276,0.04746835443037975,0.0060790273556231,0.0,0.6052295718439932,0.8666666666666667,0.8666666666666667,0.8666666666666667,0.8666666666666667,0.8611111111111112,0.8555555555555555,0.85,0.85,0.85,0.8444444444444444,0.8444444444444444,0.8277777777777777,0.8,0.7333333333333333,0.5222222222222223,0.22777777777777777,0.08333333333333333,0.011111111111111112,0.0,0.6646198830409358,0.975,0.975,0.975,0.975,0.96875,0.9625,0.95625,0.95625,0.95625,0.95,0.95,0.93125,0.9,0.825,0.5875,0.25625,0.09375,0.0125,0.0,0.7476973684210526,0.812891737891738,0.812891737891738,0.812891737891738,0.812891737891738,0.807347670250896,0.8018037518037517,0.7962599854756717,0.7962599854756717,0.7962599854756717,0.7907163742690058,0.7907163742690058,0.7845264727815063,0.7780864197530863,0.7333333333333333,0.5222222222222223,0.22777777777777777,0.08333333333333333,0.011111111111111112,0.0,0.6300695657315262,1.0,1.0,1.0,1.0,0.9935911130100405,0.9871850004300335,0.980781716660174,0.980781716660174,0.980781716660174,0.9743813175322412,0.9743813175322412,0.9559624872216542,0.9328918322295807,0.8741721854304636,0.6225165562913907,0.271523178807947,0.09933774834437085,0.013245033112582781,0.0,0.7706069957854247,0.7525092822584232,0.7525092822584232,0.7525092822584232,0.7525092822584232,0.75600319140427,0.7591142412998557,0.7617954877422929,0.7617954877422929,0.7617954877422929,0.7636162548872163,0.7636162548872163,0.7672021766790716,0.7722614403284997,0.7807527680124501,0.802067342381421,0.8377230315728577,0.8766710334472124,0.9241119857850293,1.0,0.7946612269971406,0.8393486598783049,0.8393486598783049,0.8393486598783049,0.8393486598783049,0.8314922367315893,0.8236855028616652,0.8159278221071299,0.8159278221071299,0.8159278221071299,0.8082185701356933,0.8082185701356933,0.7927660163372341,0.7699555853400029,0.6974468874430655,0.455111100123066,0.1794521249082875,0.06289432567832845,0.008218561212025632,0.0,0.633823030881119,156.0,156.0,156.0,156.0,155.0,154.0,153.0,153.0,153.0,152.0,152.0,149.0,144.0,132.0,94.0,41.0,15.0,2.0,0.0,119.63157894736842,24.0,24.0,24.0,24.0,25.0,26.0,27.0,27.0,27.0,28.0,28.0,31.0,36.0,48.0,86.0,139.0,165.0,178.0,180.0,60.36842105263158,4.0,4.0,4.0,4.0,5.0,6.0,7.0,7.0,7.0,8.0,8.0,11.0,16.0,28.0,66.0,119.0,145.0,158.0,160.0,40.36842105263158,0.7944444444444444,0.7636162548872163,0.8,0.8444444444444444,0.95,1.0,0.0,0.0,0.5948315041269826,0.8941176470588236,0.034334763948497854,0.8,116.06967074285687,152,28,8,1,1,0,0,1.0,233,0.8647058823529412,0.8166666666666667,0.91875,147,33,13,160,180,5,1
0003,0,1.0,0,0.0,0.0,0.0,0.0,0.0,0.0,0.0,0.0,0.0,0.0,0.0,0.0,0.0,0.0,0.0,0.0,0.0,0.0,0.0,0.0,0.0,0.0,0.0,0.0,0.0,0.0,0.0,0.0,0.0,0.0,0.0,0.0,0.0,0.0,0.0,0.0,0.0,0.0,0.0,0.0,0.0,0.0,0.0,0.0,0.0,0.0,0.0,0.0,0.0,0.0,0.0,0.0,0.0,0.0,0.0,0.0,0.0,0.0,0.0,0.0,0.0,0.0,0.0,0.0,0.0,0.0,0.0,0.0,0.0,0.0,0.0,0.0,0.0,0.0,0.0,0.0,0.0,0.0,0.0,0.0,0.0,0.0,0.0,0.0,0.0,0.0,0.0,0.0,0.0,0.0,0.0,0.0,0.0,0.0,0.0,0.0,0.0,0.0,0.0,0.0,0.0,0.0,0.0,0.0,0.0,0.0,0.0,0.0,0.0,0.0,0.0,0.0,0.0,0.0,0.0,0.0,0.0,0.0,0.0,0.0,0.0,0.0,0.0,0.0,0.0,0.0,0.0,0.0,0.0,0.0,0.0,0.0,0.0,0.0,0.0,0.0,0.0,0.0,0.0,0.0,1.0,1.0,1.0,1.0,1.0,1.0,1.0,1.0,1.0,1.0,1.0,1.0,1.0,1.0,1.0,1.0,1.0,1.0,1.0,1.0,0.0,0.0,0.0,0.0,0.0,0.0,0.0,0.0,0.0,0.0,0.0,0.0,0.0,0.0,0.0,0.0,0.0,0.0,0.0,0.0,0.0,0.0,0.0,0.0,0.0,0.0,0.0,0.0,0.0,0.0,0.0,0.0,0.0,0.0,0.0,0.0,0.0,0.0,0.0,0.0,0.0,0.0,0.0,0.0,0.0,0.0,0.0,0.0,0.0,0.0,0.0,0.0,0.0,0.0,0.0,0.0,0.0,0.0,0.0,0.0,0.0,0.0,0.0,0.0,0.0,0.0,0.0,0.0,0.0,0.0,0.0,0.0,0.0,0.0,0.0,0.0,0.0,0.0,0.0,0.0,0,0,0,0,0,0,0,1.0,0,0,0,0,0,0,0,0,0,0,0,0,0,0,0,0,0,0,0,0,0,0,0,0
0004,0.5183979859735875,0.6442842016796841,0.333995632545349,0.5183979859735875,0.5147892765463649,0.5093544413686278,0.5093544413686278,0.5093544413686278,0.5093544413686278,0.5093544413686278,0.5093544413686278,0.4899360453066485,0.4742114391884293,0.43117783424741585,0.39940081172095954,0.3461861652656438,0.2821358372297021,0.13235725895211503,0.02087414303617165,0.02087414303617165,0.0,0.0,0.35191934677447245,0.3508771929824561,0.3391304347826087,0.3162393162393162,0.3162393162393162,0.3162393162393162,0.3162393162393162,0.3162393162393162,0.3162393162393162,0.3050847457627119,0.29411764705882354,0.26229508196721313,0.232,0.18461538461538463,0.15789473684210525,0.08450704225352113,0.006535947712418301,0.006535947712418301,0.0,0.0,0.2168963189013452,0.7658989448051948,0.781433843933844,0.820397507897508,0.820397507897508,0.820397507897508,0.820397507897508,0.820397507897508,0.820397507897508,0.7867890211640212,0.7645800627943485,0.7087983630952381,0.6875905534627644,0.6491596638655462,0.5041373274455981,0.2073015873015873,0.06666666666666667,0.06666666666666667,0.0,0.0,0.5742846183466591,0.625,0.609375,0.578125,0.578125,0.578125,0.578125,0.578125,0.578125,0.5625,0.546875,0.5,0.453125,0.375,0.328125,0.1875,0.015625,0.015625,0.0,0.0,0.40460526315789475,0.4444444444444444,0.43333333333333335,0.4111111111111111,0.4111111111111111,0.4111111111111111,0.4111111111111111,0.4111111111111111,0.4111111111111111,0.4,0.3888888888888889,0.35555555555555557,0.32222222222222224,0.26666666666666666,0.23333333333333334,0.13333333333333333,0.011111111111111112,0.011111111111111112,0.0,0.0,0.28771929824561404,0.8167857142857142,0.8285714285714286,0.8656370656370658,0.8656370656370658,0.8656370656370658,0.8656370656370658,0.8656370656370658,0.8656370656370658,0.8424603174603175,0.8236734693877551,0.7790178571428572,0.7576354679802956,0.7468253968253968,0.6374149659863947,0.3190476190476191,0.07142857142857142,0.07142857142857142,0.0,0.0,0.6256900933351218,0.8897767857142856,0.906486568986569,0.9503378378378379,0.9503378378378379,0.9503378378378379,0.9503378378378379,0.9503378378378379,0.9503378378378379,0.9295138888888889,0.9132142857142856,0.8641690340909091,0.8388322884012539,0.8361742424242425,0.7359307359307359,0.4753787878787879,0.5,0.5,0.0,0.0,0.7416580865819465,0.6442842016796841,0.6588274107367731,0.6873245799010427,0.6873245799010427,0.6873245799010427,0.6873245799010427,0.6873245799010427,0.6873245799010427,0.6947585725336661,0.7005090593169682,0.7154935595514926,0.7285146442019661,0.7498180677741706,0.7628088646949897,0.7872321240581331,0.8781953105145479,0.8781953105145479,1.0,1.0,0.7538202423675365,0.6918719827419281,0.6900624961894294,0.688688833402464,0.688688833402464,0.688688833402464,0.688688833402464,0.688688833402464,0.688688833402464,0.6652584643616057,0.6466295089467069,0.5953143552339546,0.5581796032979126,0.49339119768149475,0.40671865038142385,0.19715234621745595,0.03227486121839514,0.03227486121839514,0.0,0.0,0.4811190172580783,40.0,39.0,37.0,37.0,37.0,37.0,37.0,37.0,36.0,35.0,32.0,29.0,24.0,21.0,12.0,1.0,1.0,0.0,0.0,25.894736842105264,24.0,25.0,27.0,27.0,27.0,27.0,27.0,27.0,28.0,29.0,32.0,35.0,40.0,43.0,52.0,63.0,63.0,64.0,64.0,38.10526315789474,50.0,51.0,53.0,53.0,53.0,53.0,53.0,53.0,54.0,55.0,58.0,61.0,66.0,69.0,78.0,89.0,89.0,90.0,90.0,64.10526315789474,-0.3125,0.7005090593169682,-0.3125,0.546875,0.3888888888888889,0.2,0.4,0.4,-0.47628410818603306,0.45454545454545453,0.1751592356687898,-0.3125,24.517817076093884,35,29,55,0,1,2,2,0.0,314,0.45454545454545453,0.546875,0.3888888888888889,35,29,55,90,64,12,5
0005,0,1.0,0,0.0,0.0,0.0,0.0,0.0,0.0,0.0,0.0,0.0,0.0,0.0,0.0,0.0,0.0,0.0,0.0,0.0,0.0,0.0,0.0,0.0,0.0,0.0,0.0,0.0,0.0,0.0,0.0,0.0,0.0,0.0,0.0,0.0,0.0,0.0,0.0,0.0,0.0,0.0,0.0,0.0,0.0,0.0,0.0,0.0,0.0,0.0,0.0,0.0,0.0,0.0,0.0,0.0,0.0,0.0,0.0,0.0,0.0,0.0,0.0,0.0,0.0,0.0,0.0,0.0,0.0,0.0,0.0,0.0,0.0,0.0,0.0,0.0,0.0,0.0,0.0,0.0,0.0,0.0,0.0,0.0,0.0,0.0,0.0,0.0,0.0,0.0,0.0,0.0,0.0,0.0,0.0,0.0,0.0,0.0,0.0,0.0,0.0,0.0,0.0,0.0,0.0,0.0,0.0,0.0,0.0,0.0,0.0,0.0,0.0,0.0,0.0,0.0,0.0,0.0,0.0,0.0,0.0,0.0,0.0,0.0,0.0,0.0,0.0,0.0,0.0,0.0,0.0,0.0,0.0,0.0,0.0,0.0,0.0,0.0,0.0,0.0,0.0,0.0,0.0,1.0,1.0,1.0,1.0,1.0,1.0,1.0,1.0,1.0,1.0,1.0,1.0,1.0,1.0,1.0,1.0,1.0,1.0,1.0,1.0,0.0,0.0,0.0,0.0,0.0,0.0,0.0,0.0,0.0,0.0,0.0,0.0,0.0,0.0,0.0,0.0,0.0,0.0,0.0,0.0,0.0,0.0,0.0,0.0,0.0,0.0,0.0,0.0,0.0,0.0,0.0,0.0,0.0,0.0,0.0,0.0,0.0,0.0,0.0,0.0,0.0,0.0,0.0,0.0,0.0,0.0,0.0,0.0,0.0,0.0,0.0,0.0,0.0,0.0,0.0,0.0,0.0,0.0,0.0,0.0,2.0,2.0,2.0,2.0,2.0,2.0,2.0,2.0,2.0,2.0,2.0,2.0,2.0,2.0,2.0,2.0,2.0,2.0,2.0,2.0,0,0,0,0,0,0,0,1.0,0,0,0,0,0,0,0,2,0,0,0,0,0,0,0,0,0,0,0,2,2,0,1,0
0006,0,1.0,0,0.0,0.0,0.0,0.0,0.0,0.0,0.0,0.0,0.0,0.0,0.0,0.0,0.0,0.0,0.0,0.0,0.0,0.0,0.0,0.0,0.0,0.0,0.0,0.0,0.0,0.0,0.0,0.0,0.0,0.0,0.0,0.0,0.0,0.0,0.0,0.0,0.0,0.0,0.0,0.0,0.0,0.0,0.0,0.0,0.0,0.0,0.0,0.0,0.0,0.0,0.0,0.0,0.0,0.0,0.0,0.0,0.0,0.0,0.0,0.0,0.0,0.0,0.0,0.0,0.0,0.0,0.0,0.0,0.0,0.0,0.0,0.0,0.0,0.0,0.0,0.0,0.0,0.0,0.0,0.0,0.0,0.0,0.0,0.0,0.0,0.0,0.0,0.0,0.0,0.0,0.0,0.0,0.0,0.0,0.0,0.0,0.0,0.0,0.0,0.0,0.0,0.0,0.0,0.0,0.0,0.0,0.0,0.0,0.0,0.0,0.0,0.0,0.0,0.0,0.0,0.0,0.0,0.0,0.0,0.0,0.0,0.0,0.0,0.0,0.0,0.0,0.0,0.0,0.0,0.0,0.0,0.0,0.0,0.0,0.0,0.0,0.0,0.0,0.0,0.0,1.0,1.0,1.0,1.0,1.0,1.0,1.0,1.0,1.0,1.0,1.0,1.0,1.0,1.0,1.0,1.0,1.0,1.0,1.0,1.0,0.0,0.0,0.0,0.0,0.0,0.0,0.0,0.0,0.0,0.0,0.0,0.0,0.0,0.0,0.0,0.0,0.0,0.0,0.0,0.0,0.0,0.0,0.0,0.0,0.0,0.0,0.0,0.0,0.0,0.0,0.0,0.0,0.0,0.0,0.0,0.0,0.0,0.0,0.0,0.0,0.0,0.0,0.0,0.0,0.0,0.0,0.0,0.0,0.0,0.0,0.0,0.0,0.0,0.0,0.0,0.0,0.0,0.0,0.0,0.0,0.0,0.0,0.0,0.0,0.0,0.0,0.0,0.0,0.0,0.0,0.0,0.0,0.0,0.0,0.0,0.0,0.0,0.0,0.0,0.0,0,0,0,0,0,0,0,1.0,0,0,0,0,0,0,0,0,0,0,0,0,0,0,0,0,0,0,0,0,0,0,0,0
0007,0.8669872178346024,0.7445550285865975,0.6455196927590571,0.8669872178346024,0.8669872178346024,0.8669872178346024,0.8669872178346024,0.8669872178346024,0.8669872178346024,0.8669872178346024,0.8382387580999636,0.8125476347149524,0.7629938560782423,0.7167788256105234,0.6684510140223536,0.5439902161320451,0.460590093979782,0.35999140329301516,0.2598608321515107,0.17168885704681122,0.10213598244722932,0.0,0.6192725262325603,0.8656716417910447,0.8656716417910447,0.8656716417910447,0.8656716417910447,0.8656716417910447,0.8656716417910447,0.8656716417910447,0.8382352941176471,0.8115942028985508,0.7605633802816901,0.7123287671232876,0.6666666666666666,0.5432098765432098,0.45348837209302323,0.32978723404255317,0.22549019607843138,0.11607142857142858,0.05042016806722689,0.0,0.6088187936326858,0.8683047931816406,0.8683047931816406,0.8683047931816406,0.8683047931816406,0.8683047931816406,0.8683047931816406,0.8683047931816406,0.8382422220965949,0.8135021865889213,0.7654320987654321,0.7212566844919786,0.6702401372212692,0.5447716767054209,0.46780303030303033,0.3929618768328446,0.2994704570791527,0.2539562405394248,0.20689655172413793,0.0,0.6343508797168259,0.8787878787878788,0.8787878787878788,0.8787878787878788,0.8787878787878788,0.8787878787878788,0.8787878787878788,0.8787878787878788,0.8636363636363636,0.8484848484848485,0.8181818181818182,0.7878787878787878,0.7575757575757576,0.6666666666666666,0.5909090909090909,0.4696969696969697,0.3484848484848485,0.19696969696969696,0.09090909090909091,0.0,0.6626794258373206,0.9830508474576272,0.9830508474576272,0.9830508474576272,0.9830508474576272,0.9830508474576272,0.9830508474576272,0.9830508474576272,0.9661016949152542,0.9491525423728814,0.9152542372881356,0.8813559322033898,0.847457627118644,0.7457627118644068,0.6610169491525424,0.5254237288135594,0.3898305084745763,0.22033898305084745,0.1016949152542373,0.0,0.7413024085637823,0.8806273946360152,0.8806273946360152,0.8806273946360152,0.8806273946360152,0.8806273946360152,0.8806273946360152,0.8806273946360152,0.8639132553606237,0.8485863095238094,0.8189300411522635,0.7899305555555555,0.7581944444444446,0.6684027777777778,0.6018518518518519,0.5206093189964158,0.4227053140096619,0.37179487179487175,0.3333333333333333,0.0,0.6927707282238272,0.9831691297208539,0.9831691297208539,0.9831691297208539,0.9831691297208539,0.9831691297208539,0.9831691297208539,0.9831691297208539,0.9663619833898471,0.9510554221688675,0.91897499740637,0.8876050420168068,0.8507282913165267,0.7459574738986504,0.6676003734827264,0.5695310382217402,0.4585312385823895,0.3958198664081017,0.35294117647058826,0.0,0.7709100427057155,0.7445550285865975,0.7445550285865975,0.7445550285865975,0.7445550285865975,0.7445550285865975,0.7445550285865975,0.7445550285865975,0.7510440627427103,0.7565484565497718,0.7663935129851056,0.7754959703197135,0.7832172391098936,0.8036395442078782,0.8201715570750715,0.841130975854877,0.8649974447329632,0.8951314063672581,0.9237769929215024,1.0,0.799654334893312,0.8735306104204029,0.8735306104204029,0.8735306104204029,0.8735306104204029,0.8735306104204029,0.8735306104204029,0.8735306104204029,0.8508445595630075,0.8308094122781673,0.7913675671030664,0.7538321048662052,0.7125711751909999,0.602645101036766,0.5257652169560874,0.4296196023866008,0.32304940312731867,0.2236552788167853,0.13714509626474833,0.0,0.6471588837122407,58.0,58.0,58.0,58.0,58.0,58.0,58.0,57.0,56.0,54.0,52.0,50.0,44.0,39.0,31.0,23.0,13.0,6.0,0.0,43.73684210526316,8.0,8.0,8.0,8.0,8.0,8.0,8.0,9.0,10.0,12.0,14.0,16.0,22.0,27.0,35.0,43.0,53.0,60.0,66.0,22.263157894736842,1.0,1.0,1.0,1.0,1.0,1.0,1.0,2.0,3.0,5.0,7.0,9.0,15.0,20.0,28.0,36.0,46.0,53.0,59.0,15.263157894736842,0.7424242424242424,0.7663935129851056,0.7424242424242424,0.8181818181818182,0.9152542372881356,0.5,0.5,0.0,0.5512916621393289,0.864,0.00625,0.7424242424242424,41.385249701195704,54,12,5,0,1,1,0,1.0,800,0.864,0.8181818181818182,0.9152542372881356,54,12,5,59,66,2,2
0008,0,1.0,0,0.0,0.0,0.0,0.0,0.0,0.0,0.0,0.0,0.0,0.0,0.0,0.0,0.0,0.0,0.0,0.0,0.0,0.0,0.0,0.0,0.0,0.0,0.0,0.0,0.0,0.0,0.0,0.0,0.0,0.0,0.0,0.0,0.0,0.0,0.0,0.0,0.0,0.0,0.0,0.0,0.0,0.0,0.0,0.0,0.0,0.0,0.0,0.0,0.0,0.0,0.0,0.0,0.0,0.0,0.0,0.0,0.0,0.0,0.0,0.0,0.0,0.0,0.0,0.0,0.0,0.0,0.0,0.0,0.0,0.0,0.0,0.0,0.0,0.0,0.0,0.0,0.0,0.0,0.0,0.0,0.0,0.0,0.0,0.0,0.0,0.0,0.0,0.0,0.0,0.0,0.0,0.0,0.0,0.0,0.0,0.0,0.0,0.0,0.0,0.0,0.0,0.0,0.0,0.0,0.0,0.0,0.0,0.0,0.0,0.0,0.0,0.0,0.0,0.0,0.0,0.0,0.0,0.0,0.0,0.0,0.0,0.0,0.0,0.0,0.0,0.0,0.0,0.0,0.0,0.0,0.0,0.0,0.0,0.0,0.0,0.0,0.0,0.0,0.0,0.0,1.0,1.0,1.0,1.0,1.0,1.0,1.0,1.0,1.0,1.0,1.0,1.0,1.0,1.0,1.0,1.0,1.0,1.0,1.0,1.0,0.0,0.0,0.0,0.0,0.0,0.0,0.0,0.0,0.0,0.0,0.0,0.0,0.0,0.0,0.0,0.0,0.0,0.0,0.0,0.0,0.0,0.0,0.0,0.0,0.0,0.0,0.0,0.0,0.0,0.0,0.0,0.0,0.0,0.0,0.0,0.0,0.0,0.0,0.0,0.0,0.0,0.0,0.0,0.0,0.0,0.0,0.0,0.0,0.0,0.0,0.0,0.0,0.0,0.0,0.0,0.0,0.0,0.0,0.0,0.0,21.0,21.0,21.0,21.0,21.0,21.0,21.0,21.0,21.0,21.0,21.0,21.0,21.0,21.0,21.0,21.0,21.0,21.0,21.0,21.0,0,0,0,0,0,0,0,1.0,0,0,0,0,0,0,0,21,0,0,0,0,0,0,0,0,0,0,0,21,21,0,5,0
0009,0.4642857142857143,0.3297256007699146,0.15308688607174606,0.4642857142857143,0.4642857142857143,0.4642857142857143,0.4642857142857143,0.4642857142857143,0.20588235294117646,0.10810810810810811,0.05128205128205128,0.025,0.0,0.0,0.0,0.0,0.0,0.0,0.0,0.0,0.0,0.0,0.14272110967157406,0.4642857142857143,0.4642857142857143,0.4642857142857143,0.4642857142857143,0.4642857142857143,0.20588235294117646,0.10810810810810811,0.05128205128205128,0.025,0.0,0.0,0.0,0.0,0.0,0.0,0.0,0.0,0.0,0.0,0.14272110967157406,0.4642857142857143,0.4642857142857143,0.4642857142857143,0.4642857142857143,0.4642857142857143,0.20588235294117646,0.10810810810810811,0.05128205128205128,0.025,0.0,0.0,0.0,0.0,0.0,0.0,0.0,0.0,0.0,0.0,0.14272110967157406,0.4642857142857143,0.4642857142857143,0.4642857142857143,0.4642857142857143,0.4642857142857143,0.25,0.14285714285714285,0.07142857142857142,0.03571428571428571,0.0,0.0,0.0,0.0,0.0,0.0,0.0,0.0,0.0,0.0,0.14849624060150374,1.0,1.0,1.0,1.0,1.0,0.5384615384615384,0.3076923076923077,0.15384615384615385,0.07692307692307693,0.0,0.0,0.0,0.0,0.0,0.0,0.0,0.0,0.0,0.0,0.3198380566801619,0.4642857142857143,0.4642857142857143,0.4642857142857143,0.4642857142857143,0.4642857142857143,0.25,0.14285714285714285,0.07142857142857142,0.03571428571428571,0.0,0.0,0.0,0.0,0.0,0.0,0.0,0.0,0.0,0.0,0.14849624060150374,1.0,1.0,1.0,1.0,1.0,0.5384615384615384,0.3076923076923077,0.15384615384615385,0.07692307692307693,0.0,0.0,0.0,0.0,0.0,0.0,0.0,0.0,0.0,0.0,0.3198380566801619,0.3297256007699146,0.3297256007699146,0.3297256007699146,0.3297256007699146,0.3297256007699146,0.3717064394270652,0.41043875043925554,0.44404744838758314,0.48091476574194697,1.0,1.0,1.0,1.0,1.0,1.0,1.0,1.0,1.0,1.0,0.7029334425181801,0.4642857142857143,0.4642857142857143,0.4642857142857143,0.4642857142857143,0.4642857142857143,0.22687130324325752,0.12427395320024001,0.06052275326688024,0.02988071523335984,0.0,0.0,0.0,0.0,0.0,0.0,0.0,0.0,0.0,0.0,0.14541985770380575,13.0,13.0,13.0,13.0,13.0,7.0,4.0,2.0,1.0,0.0,0.0,0.0,0.0,0.0,0.0,0.0,0.0,0.0,0.0,4.157894736842105,15.0,15.0,15.0,15.0,15.0,21.0,24.0,26.0,27.0,28.0,28.0,28.0,28.0,28.0,28.0,28.0,28.0,28.0,28.0,23.842105263157894,0.0,0.0,0.0,0.0,0.0,6.0,9.0,11.0,12.0,13.0,13.0,13.0,13.0,13.0,13.0,13.0,13.0,13.0,13.0,8.842105263157896,-0.4642857142857143,0.0,-0.4642857142857143,0.0,0.0,0.0,0.0,1.0,-0.4642857142857143,0.0,0.0161892901618929,-0.4642857142857143,0,0,28,13,0,0,0,1,0.0,803,0.0,0.0,0.0,0,28,13,13,28,1,1
0010,0.9519716382329886,0.7482341258717898,0.712297666587996,0.9519716382329886,0.9519716382329886,0.9519716382329886,0.9519716382329886,0.9519716382329886,0.9519716382329886,0.9519716382329886,0.9519716382329886,0.8912117443154246,0.8912117443154246,0.8366600265340756,0.727392967453308,0.5900585654923728,0.5458766952889886,0.3174044582347454,0.23492119939420544,0.1365210343922914,0.04465442806891065,0.0,0.6753518931238767,0.90625,0.90625,0.90625,0.90625,0.90625,0.90625,0.90625,0.90625,0.8484848484848485,0.8484848484848485,0.7941176470588235,0.6944444444444444,0.5641025641025641,0.525,0.2978723404255319,0.22,0.12962962962962962,0.03389830508474576,0.0,0.6424228751429177,1.0,1.0,1.0,1.0,1.0,1.0,1.0,1.0,0.9360902255639098,0.9360902255639098,0.8814814814814815,0.7619047619047621,0.6172088780784434,0.5675835551611949,0.33821733821733824,0.2508544087491456,0.14377880184331795,0.058823529411764705,0.0,0.7101070108408036,1.0,1.0,1.0,1.0,1.0,1.0,1.0,1.0,0.9655172413793104,0.9655172413793104,0.9310344827586207,0.8620689655172413,0.7586206896551724,0.7241379310344828,0.4827586206896552,0.3793103448275862,0.2413793103448276,0.06896551724137931,0.0,0.7568058076225046,0.90625,0.90625,0.90625,0.90625,0.90625,0.90625,0.90625,0.90625,0.875,0.875,0.84375,0.78125,0.6875,0.65625,0.4375,0.34375,0.21875,0.0625,0.0,0.6858552631578947,1.0,1.0,1.0,1.0,1.0,1.0,1.0,1.0,0.9662698412698412,0.9662698412698412,0.934156378600823,0.8636363636363636,0.7614784205693297,0.7241462241462242,0.5007215007215008,0.39761248852157943,0.2503607503607504,0.1111111111111111,0.0,0.7618822589582823,1.0,1.0,1.0,1.0,1.0,1.0,1.0,1.0,0.9662698412698412,0.9662698412698412,0.934156378600823,0.8636363636363636,0.7614784205693297,0.7241462241462242,0.5007215007215008,0.39761248852157943,0.2503607503607504,0.1111111111111111,0.0,0.7618822589582823,0.7482341258717898,0.7482341258717898,0.7482341258717898,0.7482341258717898,0.7482341258717898,0.7482341258717898,0.7482341258717898,0.7482341258717898,0.7595230088145896,0.7595230088145896,0.7677487271879935,0.7835934805014283,0.8034114963859388,0.8093202288091842,0.8468970489543043,0.8632194714086746,0.882688944862788,0.9066038741570075,1.0,0.7983369629932009,1.0,1.0,1.0,1.0,1.0,1.0,1.0,1.0,0.9506898822794964,0.9506898822794964,0.9059192321462294,0.8104408984731079,0.6842714554540208,0.6410996656711215,0.4040759033784727,0.30846664695580733,0.18629339234429576,0.0636929755298482,0.0,0.731875786026942,29.0,29.0,29.0,29.0,29.0,29.0,29.0,29.0,28.0,28.0,27.0,25.0,22.0,21.0,14.0,11.0,7.0,2.0,0.0,21.94736842105263,0.0,0.0,0.0,0.0,0.0,0.0,0.0,0.0,1.0,1.0,2.0,4.0,7.0,8.0,15.0,18.0,22.0,27.0,29.0,7.052631578947368,3.0,3.0,3.0,3.0,3.0,3.0,3.0,3.0,4.0,4.0,5.0,7.0,10.0,11.0,18.0,21.0,25.0,30.0,32.0,10.052631578947368,0.8275862068965517,0.7595230088145896,0.8275862068965517,0.9655172413793104,0.875,1.0,0.0,0.0,0.5954015257520175,0.9180327868852459,0.013605442176870748,0.8275862068965517,21.266644246808507,28,1,4,0,2,0,0,1.0,294,0.9180327868852459,0.9655172413793104,0.875,28,1,4,32,29,5,2
0011,0.6402546633220454,0.7129278316103455,0.4564553688005976,0.6402546633220454,0.6402546633220454,0.6402546633220454,0.6402546633220454,0.6402546633220454,0.6402546633220454,0.6402546633220454,0.6402546633220454,0.6402546633220454,0.6212110325921925,0.551640721744174,0.5055151587529914,0.46629946489503055,0.42816301913829824,0.31591692545332034,0.1831996404061354,0.0926349593724772,0.01706971854997297,0.0,0.4707338216212106,0.5306122448979592,0.5306122448979592,0.5306122448979592,0.5306122448979592,0.5306122448979592,0.5306122448979592,0.5306122448979592,0.5306122448979592,0.5306122448979592,0.5151515151515151,0.4354066985645933,0.3761467889908257,0.31004366812227074,0.2396694214876033,0.171875,0.10294117647058823,0.05263157894736842,0.010101010101010102,0.0,0.3678672137851267,0.77255291005291,0.77255291005291,0.77255291005291,0.77255291005291,0.77255291005291,0.77255291005291,0.77255291005291,0.77255291005291,0.77255291005291,0.7491061089100304,0.6989040060468632,0.6793772623040916,0.7013050525374469,0.7649017960645639,0.5806749311294765,0.3260319086651054,0.16304347826086957,0.028846153846153844,0.0,0.6129035204337258,0.5333333333333333,0.5333333333333333,0.5333333333333333,0.5333333333333333,0.5333333333333333,0.5333333333333333,0.5333333333333333,0.5333333333333333,0.5333333333333333,0.5230769230769231,0.4666666666666667,0.4205128205128205,0.3641025641025641,0.29743589743589743,0.22564102564102564,0.14358974358974358,0.07692307692307693,0.015384615384615385,0.0,0.3859649122807017,0.9904761904761905,0.9904761904761905,0.9904761904761905,0.9904761904761905,0.9904761904761905,0.9904761904761905,0.9904761904761905,0.9904761904761905,0.9904761904761905,0.9714285714285714,0.8666666666666667,0.780952380952381,0.6761904761904762,0.5523809523809524,0.41904761904761906,0.26666666666666666,0.14285714285714285,0.02857142857142857,0.0,0.7167919799498746,0.77255291005291,0.77255291005291,0.77255291005291,0.77255291005291,0.77255291005291,0.77255291005291,0.77255291005291,0.77255291005291,0.77255291005291,0.7585693536673929,0.7155706727135299,0.7055878177829397,0.7357086966241896,0.810342546980478,0.7104948292448292,0.48316326530612247,0.2777777777777778,0.05555555555555555,0.0,0.642407721375211,1.0,1.0,1.0,1.0,1.0,1.0,1.0,1.0,1.0,0.981844589687727,0.925925925925926,0.872226483271122,0.832518380724599,0.8405714595532423,0.7253438472778097,0.4925626435060397,0.2830188679245283,0.05660377358490567,0.0,0.7900324195503106,0.7129278316103455,0.7129278316103455,0.7129278316103455,0.7129278316103455,0.7129278316103455,0.7129278316103455,0.7129278316103455,0.7129278316103455,0.7129278316103455,0.7172352486659731,0.7405858620734891,0.758935335747297,0.7798180501633447,0.8037882505070851,0.8279135745255567,0.8589432444577744,0.8864948836985692,0.9075154030712387,1.0,0.7735568598633388,0.6418942426092366,0.6418942426092366,0.6418942426092366,0.6418942426092366,0.6418942426092366,0.6418942426092366,0.6418942426092366,0.6418942426092366,0.6418942426092366,0.625971340004305,0.5710999937155222,0.5344968182915328,0.5053186794953931,0.4769792995118272,0.3619724948446871,0.2163673685362402,0.11199020501841618,0.021066252211737156,0.0,0.4843321386901469,104.0,104.0,104.0,104.0,104.0,104.0,104.0,104.0,104.0,102.0,91.0,82.0,71.0,58.0,44.0,28.0,15.0,3.0,0.0,75.26315789473684,91.0,91.0,91.0,91.0,91.0,91.0,91.0,91.0,91.0,93.0,104.0,113.0,124.0,137.0,151.0,167.0,180.0,192.0,195.0,119.73684210526316,1.0,1.0,1.0,1.0,1.0,1.0,1.0,1.0,1.0,3.0,14.0,23.0,34.0,47.0,61.0,77.0,90.0,102.0,105.0,29.736842105263158,0.5076923076923077,0.7172352486659731,0.5076923076923077,0.5230769230769231,0.9714285714285714,0.2,0.4,0.4,0.3597845916098936,0.68,0.00804289544235925,0.5076923076923077,73.15799536392926,102,93,3,0,1,2,2,5.0,373,0.68,0.5230769230769231,0.9714285714285714,102,93,3,105,195,5,5
0012,0.0,1.0,0.0,0.0,0.0,0.0,0.0,0.0,0.0,0.0,0.0,0.0,0.0,0.0,0.0,0.0,0.0,0.0,0.0,0.0,0.0,0.0,0.0,0.0,0.0,0.0,0.0,0.0,0.0,0.0,0.0,0.0,0.0,0.0,0.0,0.0,0.0,0.0,0.0,0.0,0.0,0.0,0.0,0.0,0.0,0.0,0.0,0.0,0.0,0.0,0.0,0.0,0.0,0.0,0.0,0.0,0.0,0.0,0.0,0.0,0.0,0.0,0.0,0.0,0.0,0.0,0.0,0.0,0.0,0.0,0.0,0.0,0.0,0.0,0.0,0.0,0.0,0.0,0.0,0.0,0.0,0.0,0.0,0.0,0.0,0.0,0.0,0.0,0.0,0.0,0.0,0.0,0.0,0.0,0.0,0.0,0.0,0.0,0.0,0.0,0.0,0.0,0.0,0.0,0.0,0.0,0.0,0.0,0.0,0.0,0.0,0.0,0.0,0.0,0.0,0.0,0.0,0.0,0.0,0.0,0.0,0.0,0.0,0.0,0.0,0.0,0.0,0.0,0.0,0.0,0.0,0.0,0.0,0.0,0.0,0.0,0.0,0.0,0.0,0.0,0.0,0.0,0.0,1.0,1.0,1.0,1.0,1.0,1.0,1.0,1.0,1.0,1.0,1.0,1.0,1.0,1.0,1.0,1.0,1.0,1.0,1.0,1.0,0.0,0.0,0.0,0.0,0.0,0.0,0.0,0.0,0.0,0.0,0.0,0.0,0.0,0.0,0.0,0.0,0.0,0.0,0.0,0.0,0.0,0.0,0.0,0.0,0.0,0.0,0.0,0.0,0.0,0.0,0.0,0.0,0.0,0.0,0.0,0.0,0.0,0.0,0.0,0.0,64.0,64.0,64.0,64.0,64.0,64.0,64.0,64.0,64.0,64.0,64.0,64.0,64.0,64.0,64.0,64.0,64.0,64.0,64.0,64.0,38.0,38.0,38.0,38.0,38.0,38.0,38.0,38.0,38.0,38.0,38.0,38.0,38.0,38.0,38.0,38.0,38.0,38.0,38.0,38.0,-0.59375,0.0,-0.59375,0.0,0.0,0.0,0.0,1.0,-0.59375,0.0,0.48717948717948717,-0.59375,0,0,64,38,0,0,0,1,0.0,78,0.0,0.0,0.0,0,64,38,38,64,1,1
0013,0.8134166834114911,0.7816664207872479,0.6358205075308943,0.8134166834114911,0.8134166834114911,0.8134166834114911,0.8082886083991005,0.8082886083991005,0.8028822469601746,0.7977753030828995,0.7951554825338135,0.7854931398040151,0.7724718272707923,0.7468112154773308,0.7176003385903026,0.6721397095137869,0.6126450744261362,0.5287693136236428,0.38129193313368603,0.22419128370528163,0.09098195225996943,0.010885984557867222,0.6313643195774933,0.7257383966244726,0.7257383966244726,0.7257383966244726,0.7213804713804713,0.7213804713804713,0.7127303182579564,0.7070116861435726,0.7041666666666667,0.6928807947019867,0.6817434210526315,0.6545307443365695,0.6255961844197139,0.5815931941221965,0.5215773809523809,0.43307638402242465,0.29185091598231205,0.15406320541760724,0.05358062854198867,0.0034347399411187437,0.5493585472207098,0.9116876052439508,0.9116876052439508,0.9116876052439508,0.9056669821093262,0.9056669821093262,0.9044373249890479,0.9001908266616251,0.897901407910412,0.8904843046552419,0.8752746348556399,0.8521020538585067,0.8231352088928912,0.7767831427036226,0.7196132365503659,0.6456066351000583,0.4981431625235483,0.32624098371302535,0.15449082741813103,0.034501785237203424,0.7287001218431487,0.9555555555555556,0.9555555555555556,0.9555555555555556,0.9522222222222222,0.9522222222222222,0.9455555555555556,0.9411111111111111,0.9388888888888889,0.93,0.9211111111111111,0.8988888888888888,0.8744444444444445,0.8355555555555556,0.7788888888888889,0.6866666666666666,0.5133333333333333,0.30333333333333334,0.11555555555555555,0.0077777777777777776,0.7611695906432748,0.7510917030567685,0.7510917030567685,0.7510917030567685,0.748471615720524,0.748471615720524,0.743231441048035,0.7397379912663755,0.7379912663755459,0.731004366812227,0.7240174672489083,0.7065502183406114,0.6873362445414847,0.6567685589519651,0.6122270742358079,0.5397379912663756,0.4034934497816594,0.23842794759825328,0.09082969432314411,0.00611353711790393,0.5982992415536659,0.9353864471649523,0.9353864471649523,0.9353864471649523,0.9320246042877484,0.9320246042877484,0.9317291200980136,0.9293384327889854,0.928234908616705,0.9237089981386492,0.9149582692400163,0.9024694049270977,0.8846708500083276,0.8569164948042248,0.8157406098783702,0.7583559532690963,0.6329458567950522,0.4603994995360207,0.24853690869906883,0.06615684006988355,0.7854931945757824,0.964135633120622,0.964135633120622,0.964135633120622,0.9608744291674168,0.9608744291674168,0.9596864809874099,0.9578371512575652,0.9557006088563061,0.9495984289585949,0.941138235208566,0.9250803315548046,0.9063267450385327,0.8744975542955822,0.8358738050148999,0.7717079124090761,0.6468834064541887,0.47189220233556106,0.25851981594970996,0.06633029927147574,0.8071173018573143,0.7816664207872479,0.7816664207872479,0.7816664207872479,0.783793460094765,0.783793460094765,0.7873782058504295,0.7895386042633165,0.7905016699963342,0.7939316012051326,0.7970074331658699,0.8037515362741801,0.8100755382840347,0.818539563862712,0.8286333935804917,0.8426905122268978,0.8649559328297779,0.891544384475064,0.922278198069615,0.9576418914723472,0.8216344551635515,0.9333638926603051,0.9333638926603051,0.9333638926603051,0.9286529094863355,0.9286529094863355,0.9247679369956551,0.9204235922071705,0.918166463777008,0.9100276937156225,0.8979004351481574,0.8751828771250116,0.8484020334976844,0.8056335831802915,0.7486646473865664,0.6658202130470657,0.5056812139039984,0.3145787104360651,0.13361239983826195,0.016381306984229987,0.7443495054840197,860.0,860.0,860.0,857.0,857.0,851.0,847.0,845.0,837.0,829.0,809.0,787.0,752.0,701.0,618.0,462.0,273.0,104.0,7.0,685.0526315789474,40.0,40.0,40.0,43.0,43.0,49.0,53.0,55.0,63.0,71.0,91.0,113.0,148.0,199.0,282.0,438.0,627.0,796.0,893.0,214.94736842105263,285.0,285.0,285.0,288.0,288.0,294.0,298.0,300.0,308.0,316.0,336.0,358.0,393.0,444.0,527.0,683.0,872.0,1041.0,1138.0,459.94736842105266,0.5644444444444444,0.7968640659403371,0.5744444444444444,0.9233333333333333,0.725764192139738,0.8333333333333334,0.14285714285714285,0.023809523809523808,0.37688226532935576,0.8127139364303179,0.9235294117647059,0.5733841749895119,662.1940387964202,831,69,314,9,35,6,1,12.0,340,0.7941320293398533,0.9022222222222223,0.7091703056768559,812,88,333,1145,900,62,42
0014,0.4407302608462344,0.5561332905879173,0.24510477022608745,0.4407302608462344,0.4244319314471592,0.42209622014796305,0.4199947768366362,0.3914884571237906,0.3808926323787942,0.3673786302568956,0.3133975979620845,0.25923317569180593,0.22786864654566,0.21277585800334115,0.20205372870907834,0.18174437567923954,0.13849310744016607,0.1173893556759834,0.05776741380637968,0.015917366511676526,0.007168873226989004,0.0,0.24109591622578308,0.6507936507936508,0.6,0.5877862595419847,0.5757575757575758,0.5407407407407407,0.5072463768115942,0.4857142857142857,0.40540540540540543,0.3333333333333333,0.2839506172839506,0.2606060606060606,0.24550898203592814,0.21637426900584794,0.16201117318435754,0.13043478260869565,0.06666666666666667,0.014634146341463415,0.004830917874396135,0.0,0.3195681707213651,0.29847120141493066,0.3002374407199434,0.3031122558088169,0.30637132709536014,0.2834319675103755,0.2860132748751675,0.27787335464294993,0.24227120087406406,0.2016055181377762,0.18286320549402715,0.17372414764173416,0.16629008416183869,0.15265686739370948,0.11838900016239919,0.10564866633283942,0.05005611146816259,0.01731310803891449,0.010638297872340425,0.0,0.1829982647181763,0.6776859504132231,0.6446280991735537,0.6363636363636364,0.628099173553719,0.6033057851239669,0.5785123966942148,0.5619834710743802,0.49586776859504134,0.4297520661157025,0.38016528925619836,0.35537190082644626,0.33884297520661155,0.30578512396694213,0.2396694214876033,0.19834710743801653,0.10743801652892562,0.024793388429752067,0.008264462809917356,0.0,0.37973031752936054,0.9425287356321839,0.896551724137931,0.8850574712643678,0.8735632183908046,0.8390804597701149,0.8045977011494253,0.7816091954022989,0.6896551724137931,0.5977011494252874,0.5287356321839081,0.4942528735632184,0.47126436781609193,0.42528735632183906,0.3333333333333333,0.27586206896551724,0.14942528735632185,0.034482758620689655,0.011494252873563218,0.0,0.5281306715063522,0.4010729041716647,0.40555205268320027,0.4093038109431552,0.41359289617486344,0.38949397409985775,0.3956323185011709,0.3889464802314368,0.3533743169398907,0.305380411937789,0.2832026609645996,0.2713178294573643,0.2605624416899907,0.24386353566681435,0.19488411531938948,0.1757285974499089,0.08804119377889871,0.027413479052823316,0.01639344262295082,0.0,0.2644082348255668,0.5282680490511897,0.526701101340391,0.5308675785923288,0.5359176937905251,0.5106426649232968,0.5136197875376566,0.49585427955866035,0.43410099889012216,0.3735913088021856,0.3378854412971095,0.32136127816637844,0.30942584120624783,0.2850436451990281,0.2276780588618011,0.20363947465778764,0.10338939639716554,0.04550499445061043,0.029411764705882353,0.0,0.33225807144359826,0.5561332905879173,0.580333934287643,0.5863711160712788,0.591844705078817,0.6065883063235671,0.6209256118080703,0.6295747160991473,0.6635078171049458,0.7007040478029184,0.729668773070314,0.7445544580231467,0.7524257816929235,0.766589458833712,0.7930450441924369,0.8089170403300375,0.8425438100292979,0.8908732771009578,0.9046239058376836,1.0,0.7246960575934113,0.4497440825645779,0.43993350714855717,0.43919200508761935,0.4386702375921483,0.413516802183512,0.406770482132608,0.3951711431282998,0.34660421199440605,0.2943473933297797,0.26366312486002375,0.24846867119799482,0.2373736018700379,0.2160560092207354,0.16844649945729948,0.14475879030926883,0.07333436664545617,0.02071836413752471,0.00937655678417085,0.0,0.26348136050758003,82.0,78.0,77.0,76.0,73.0,70.0,68.0,60.0,52.0,46.0,43.0,41.0,37.0,29.0,24.0,13.0,3.0,1.0,0.0,45.94736842105263,39.0,43.0,44.0,45.0,48.0,51.0,53.0,61.0,69.0,75.0,78.0,80.0,84.0,92.0,97.0,108.0,118.0,120.0,121.0,75.05263157894737,5.0,9.0,10.0,11.0,14.0,17.0,19.0,27.0,35.0,41.0,44.0,46.0,50.0,58.0,63.0,74.0,84.0,86.0,87.0,41.05263157894737,0.03305785123966942,0.7172330095134956,0.04132231404958678,0.38016528925619836,0.5287356321839081,0.0,1.0,0.0,-0.07444034349073723,0.4423076923076923,0.3867924528301887,0.04132231404958678,32.992718437620795,46,75,41,1,0,2,0,5.0,106,0.38461538461538464,0.3305785123966942,0.45977011494252873,40,81,47,87,121,2,2
0015,0.5793490932897286,0.6213429643436504,0.35997448301444607,0.5793490932897286,0.5786021937362564,0.577506931148655,0.5664307569941788,0.5545460878959418,0.5403245545441469,0.5226198639818719,0.5051169740270924,0.48068312536815894,0.4459344965350621,0.40030871174619476,0.352688813270287,0.2838703642405961,0.20137516713506054,0.1226380165738239,0.057788723379309445,0.023545796992898632,0.005366290852604967,0.0028880306142637525,0.35797810485927006,0.6589147286821705,0.6552486187845303,0.6497797356828194,0.6335877862595419,0.6142241379310345,0.59192348565356,0.5669456066945606,0.5411522633744856,0.5055276381909548,0.45861733203505356,0.39348837209302323,0.33037300177619894,0.25988225399495374,0.18232044198895028,0.10471976401179942,0.04244954766875435,0.014905149051490514,0.003348961821835231,0.001336898395721925,0.3794076696890231,0.5093912114651337,0.510921334282883,0.5132727864685789,0.5063920255835999,0.5006663603884977,0.4932235860197023,0.48175965913354124,0.47148127194235434,0.4570596136752141,0.4336023985782989,0.4072472684453674,0.37651199806655866,0.31007266735362926,0.22242134505757322,0.143622202084669,0.0786707216734011,0.037195505668247836,0.008598807345904869,0.006238859180035651,0.34043945381122054,0.827538247566064,0.8247566063977747,0.8205841446453408,0.808066759388039,0.7927677329624478,0.7746870653685675,0.7538247566063978,0.7315716272600834,0.6995827538247567,0.655076495132128,0.588317107093185,0.5173852573018081,0.4297635605006954,0.32127955493741306,0.19749652294853964,0.08484005563282336,0.030598052851182198,0.006954102920723227,0.0027816411682892906,0.519361686552961,0.7637997432605905,0.7612323491655969,0.7573812580231065,0.7458279845956355,0.7317073170731707,0.7150192554557124,0.6957637997432606,0.675224646983312,0.6456996148908858,0.6046213093709885,0.5430038510911425,0.47753530166880614,0.39666238767650835,0.29653401797175866,0.1822849807445443,0.07830551989730423,0.028241335044929396,0.006418485237483954,0.0025673940949935813,0.4793595027363017,0.590319591970141,0.5920760594354006,0.5947511651297991,0.5900324223222635,0.5866495059553452,0.5826948070221508,0.5766831605390403,0.5721108417330342,0.5627177134692557,0.547434688181619,0.5265158029222675,0.4998936446162254,0.4412087548586832,0.3394567934834434,0.23200652977421485,0.12445304780731807,0.06169191687026864,0.021700574439559372,0.02700228832951945,0.4247052267820816,0.788727419019065,0.7902071067729235,0.7930734358251804,0.7896961849182608,0.7768454853883973,0.7638879152862781,0.7508759507410587,0.7277276820225568,0.6989709116915797,0.6613332328029774,0.6159964985495174,0.5806960133260759,0.5005422520846416,0.4102711631673109,0.2907783340829199,0.17186231664290602,0.0860274970649188,0.017176776038531006,0.00909090909090909,0.5380940570797899,0.6213429643436504,0.6231756131357417,0.6256851962781809,0.6325052453870467,0.640367279796024,0.648948504024238,0.657992624745595,0.6665574990066977,0.6773493197548048,0.6907703846142754,0.7095876405644792,0.7277491782217511,0.7488431091102266,0.7735114091426466,0.8048297444725995,0.8440518497467899,0.8819934984006212,0.9373811853710071,0.9600049940640858,0.7301393284305506,0.6492616656336727,0.6491423155205441,0.6489865256336602,0.6396863005358834,0.6300096312722125,0.6181374704903144,0.6026295361074853,0.5873008780323098,0.5654653156445457,0.5329566019307351,0.48947986152995127,0.4413635202380055,0.36504511164490816,0.2673189681797345,0.16841878021745268,0.0816971750028464,0.03373588665299156,0.0077328514326148404,0.004165845356988991,0.4201333811082557,595.0,593.0,590.0,581.0,570.0,557.0,542.0,526.0,503.0,471.0,423.0,372.0,309.0,231.0,142.0,61.0,22.0,5.0,2.0,373.42105263157896,124.0,126.0,129.0,138.0,149.0,162.0,177.0,193.0,216.0,248.0,296.0,347.0,410.0,488.0,577.0,658.0,697.0,714.0,717.0,345.57894736842104,184.0,186.0,189.0,198.0,209.0,222.0,237.0,253.0,276.0,308.0,356.0,407.0,470.0,548.0,637.0,718.0,757.0,774.0,777.0,405.57894736842104,0.20445062586926285,0.6910134946942181,0.2267037552155772,0.655076495132128,0.6046213093709885,0.18181818181818182,0.6363636363636364,0.18181818181818182,0.0020408289304266144,0.6288384512683578,0.8191489361702128,0.22502904035791943,325.46735600097674,471,248,308,16,2,7,2,37.0,376,0.48598130841121495,0.5062586926286509,0.4672657252888318,364,355,415,779,719,24,11
0016,0.7578166907891117,0.6712101859049809,0.5086542819064571,0.7578166907891117,0.7530847481925353,0.7475773130190753,0.7432244024461961,0.7293574550663324,0.7125720308123924,0.6931073415652114,0.6795601302472617,0.6536673282811317,0.6259435982227995,0.5978047979758473,0.5607250056744851,0.49015224752206643,0.365921680612384,0.1966768158069586,0.09267243605656511,0.027150875595473353,0.004431745409998007,0.000992818116754464,0.49644418217960956,0.7400802496656264,0.7338960462016881,0.7277556440903055,0.7208994708994709,0.7051114023591087,0.6830530401034929,0.6601446193109315,0.6433684210526316,0.6128099173553719,0.5788834951456311,0.5445191927186387,0.5046260601387818,0.4333455747337495,0.313257065948856,0.1588479809976247,0.0675601750547046,0.017996870109546165,0.0023112480739599386,0.00025627883136852895,0.4657222501469204,0.7759781957402955,0.772775164678234,0.7679388589825505,0.766240696088033,0.7544372357063546,0.743366721593339,0.727715977497538,0.7177877488393186,0.6972487943833491,0.676829433628157,0.6563048305031967,0.6230604339026444,0.554405628576094,0.4274402428453205,0.24351439428457533,0.12711897797340158,0.04096101383817011,0.00849773228599728,0.0038461538461538464,0.5308141176417224,0.8409321175278622,0.8368794326241135,0.8328267477203647,0.8282674772036475,0.817629179331307,0.8024316109422492,0.7862208713272543,0.7740628166160081,0.7512664640324215,0.7249240121580547,0.6970618034447822,0.6631205673758865,0.5977710233029382,0.4716312056737589,0.27102330293819654,0.12512664640324214,0.034954407294832825,0.004559270516717325,0.0005065856129685917,0.5716418706340319,0.8605495075168481,0.8564022809745983,0.8522550544323484,0.8475894245723172,0.8367029548989113,0.8211508553654744,0.8045619491964748,0.7921202695697253,0.7687921202695698,0.7418351477449455,0.7133229652669777,0.678589942975635,0.6117159149818558,0.48263348885432866,0.2773457750129601,0.12804561949196475,0.03576982892690513,0.004665629860031105,0.0005184033177812338,0.5849772175384028,0.7886254042371181,0.7876691388682976,0.7851270757308952,0.7850169565661195,0.7787096137639076,0.773053779384009,0.7644918267651365,0.7587520585887306,0.7467191866808481,0.7343975510381089,0.7212219409879667,0.7013372887100611,0.6510544308352032,0.5430349610411643,0.35820019460307906,0.20710571186267784,0.07718507919037189,0.017035431430874343,0.007246376811594203,0.5782096845840086,0.9768774028711433,0.9746534093428537,0.9706380665393202,0.9699068910594985,0.9602884741556191,0.9451796418306161,0.9290484105722956,0.9174682133365151,0.8967493420757762,0.8746786802418739,0.8508687648177385,0.8225940626196144,0.7584215597997209,0.6279296374351238,0.40403465985500236,0.23516569676857105,0.08082614210596496,0.016689159830316144,0.008130081300813009,0.6957972787662302,0.6712101859049809,0.6740592545114249,0.6767547453691035,0.6794652076094259,0.6854108900461954,0.6931889118972123,0.7006599454256554,0.7057618278223423,0.7141658732651589,0.7227933648990205,0.7307002295941047,0.7385117046253717,0.7505340220416948,0.7698089179828443,0.8027257265183646,0.8368641664234105,0.8756715695139649,0.9232919817900653,0.9578169886251623,0.7531260796771317,0.8078025670294299,0.8041888095229418,0.7997249667070082,0.7966506438079378,0.7853979232768359,0.7723347434428944,0.7564029943798999,0.7453943966780451,0.7237538506337964,0.7004640665818536,0.6763763957738919,0.6427784909585786,0.5756801368110944,0.44899237976453765,0.2569009058995314,0.12611887807945069,0.03783870982087895,0.0062244244931161565,0.0013958532171132296,0.5507590072041492,1660.0,1652.0,1644.0,1635.0,1614.0,1584.0,1552.0,1528.0,1483.0,1431.0,1376.0,1309.0,1180.0,931.0,535.0,247.0,69.0,9.0,1.0,1128.421052631579,314.0,322.0,330.0,339.0,360.0,390.0,422.0,446.0,491.0,543.0,598.0,665.0,794.0,1043.0,1439.0,1727.0,1905.0,1965.0,1973.0,845.578947368421,269.0,277.0,285.0,294.0,315.0,345.0,377.0,401.0,446.0,498.0,553.0,620.0,749.0,998.0,1394.0,1682.0,1860.0,1920.0,1928.0,800.578947368421,0.47821681864235055,0.722931207135885,0.4868287740628166,0.732016210739615,0.7490927941938829,0.5263157894736842,0.47368421052631576,0.0,0.2753979707757618,0.7404560594414553,2.3157894736842106,0.48620544634175367,1044.6355943113538,1445,529,484,17,10,9,0,53.0,209,0.6922879836023572,0.6843971631205674,0.7003628823224468,1351,623,578,1929,1974,39,19
0017,0.8407637982633437,0.7681994700935236,0.6458743042997188,0.8407637982633437,0.8407637982633437,0.8407637982633437,0.8407637982633437,0.8407637982633437,0.8389620132550866,0.8340780864037061,0.8275847775159952,0.8048614970270758,0.7639471006409565,0.7340758049896566,0.7106292637310463,0.6709445201602647,0.5994429502797096,0.4602044090158494,0.2989112418926957,0.1404285467421017,0.03816351365125891,0.005037418952071678,0.6279521123986417,0.8355184743742551,0.8355184743742551,0.8355184743742551,0.8355184743742551,0.8355184743742551,0.8333333333333334,0.828978622327791,0.8224852071005917,0.8011695906432749,0.7579908675799086,0.726457399103139,0.6997792494481236,0.6594827586206896,0.5876288659793815,0.44059869036482696,0.2674897119341564,0.11837327523602033,0.02666666666666667,0.0026041666666666665,0.6184542514145183,0.8460420519122703,0.8460420519122703,0.8460420519122703,0.8460420519122703,0.8460420519122703,0.8446287116220336,0.8392089198456834,0.8327159662732209,0.8085704162542321,0.7699501373163945,0.7417741055930887,0.72164750650893,0.682605486267166,0.6114945528435809,0.48068254107215186,0.3340238018269165,0.16659314951604806,0.054617016532868434,0.009744226444297312,0.6383403577619982,0.9103896103896104,0.9103896103896104,0.9103896103896104,0.9103896103896104,0.9103896103896104,0.9090909090909091,0.9064935064935065,0.9025974025974026,0.8896103896103896,0.8623376623376623,0.8415584415584415,0.8233766233766234,0.7948051948051948,0.7402597402597403,0.6116883116883117,0.42207792207792205,0.21168831168831168,0.05194805194805195,0.005194805194805195,0.7118250170881749,0.9103896103896104,0.9103896103896104,0.9103896103896104,0.9103896103896104,0.9103896103896104,0.9090909090909091,0.9064935064935065,0.9025974025974026,0.8896103896103896,0.8623376623376623,0.8415584415584415,0.8233766233766234,0.7948051948051948,0.7402597402597403,0.6116883116883117,0.42207792207792205,0.21168831168831168,0.05194805194805195,0.005194805194805195,0.7118250170881749,0.8594046943967544,0.8594046943967544,0.8594046943967544,0.8594046943967544,0.8594046943967544,0.8586718242557448,0.8557445717881242,0.8521663305068707,0.8382204147744566,0.813507724769973,0.7950167754320446,0.7836882429947102,0.756102412338093,0.7074650445113468,0.6109879182854637,0.47527336627565653,0.27296154924653687,0.10105294241009966,0.01895552037061471,0.686149374207553,0.985254872888486,0.985254872888486,0.985254872888486,0.985254872888486,0.985254872888486,0.9838195227068981,0.980955586286765,0.976743883781528,0.9631070170018017,0.9369942631635642,0.9170413046444317,0.8972976946331046,0.8702602383325807,0.8124156676232659,0.6793426315819804,0.5080650783726234,0.2825653103186191,0.10459152739265601,0.01965669134786782,0.7820595148226377,0.7681994700935236,0.7681994700935236,0.7681994700935236,0.7681994700935236,0.7681994700935236,0.7689153873070496,0.7701752602413174,0.7719107436356097,0.7768811730104641,0.7861952704088702,0.7925819531167204,0.7974278497408357,0.8034417301342971,0.8128139613383201,0.8302568692391428,0.854980249320256,0.8846605446593188,0.9227327441443716,0.9563507806569339,0.808964308811638,0.8776262837983138,0.8776262837983138,0.8776262837983138,0.8776262837983138,0.8776262837983138,0.8762672442199113,0.8722026349602147,0.8669528639202915,0.8481230117331815,0.8148355671729001,0.7900925643817479,0.7708357069943521,0.7365720511176551,0.6728036852293804,0.5422433881629836,0.37547845770386423,0.18779196617504884,0.05326582029873436,0.007114728255681578,0.6738269004903955,701.0,701.0,701.0,701.0,701.0,700.0,698.0,695.0,685.0,664.0,648.0,634.0,612.0,570.0,471.0,325.0,163.0,40.0,4.0,548.1052631578947,69.0,69.0,69.0,69.0,69.0,70.0,72.0,75.0,85.0,106.0,122.0,136.0,158.0,200.0,299.0,445.0,607.0,730.0,766.0,221.89473684210526,69.0,69.0,69.0,69.0,69.0,70.0,72.0,75.0,85.0,106.0,122.0,136.0,158.0,200.0,299.0,445.0,607.0,730.0,766.0,221.89473684210526,0.7259740259740259,0.7847994692283454,0.7350649350649351,0.8675324675324675,0.8675324675324675,0.7777777777777778,0.2222222222222222,0.0,0.5392805784993957,0.8675324675324675,0.7034482758620689,0.7339674051428386,524.2460454445347,668,102,102,7,7,2,0,27.0,145,0.8298701298701299,0.8298701298701299,0.8298701298701299,639,131,131,770,770,16,9
0018,0,1.0,0,0.0,0.0,0.0,0.0,0.0,0.0,0.0,0.0,0.0,0.0,0.0,0.0,0.0,0.0,0.0,0.0,0.0,0.0,0.0,0.0,0.0,0.0,0.0,0.0,0.0,0.0,0.0,0.0,0.0,0.0,0.0,0.0,0.0,0.0,0.0,0.0,0.0,0.0,0.0,0.0,0.0,0.0,0.0,0.0,0.0,0.0,0.0,0.0,0.0,0.0,0.0,0.0,0.0,0.0,0.0,0.0,0.0,0.0,0.0,0.0,0.0,0.0,0.0,0.0,0.0,0.0,0.0,0.0,0.0,0.0,0.0,0.0,0.0,0.0,0.0,0.0,0.0,0.0,0.0,0.0,0.0,0.0,0.0,0.0,0.0,0.0,0.0,0.0,0.0,0.0,0.0,0.0,0.0,0.0,0.0,0.0,0.0,0.0,0.0,0.0,0.0,0.0,0.0,0.0,0.0,0.0,0.0,0.0,0.0,0.0,0.0,0.0,0.0,0.0,0.0,0.0,0.0,0.0,0.0,0.0,0.0,0.0,0.0,0.0,0.0,0.0,0.0,0.0,0.0,0.0,0.0,0.0,0.0,0.0,0.0,0.0,0.0,0.0,0.0,0.0,1.0,1.0,1.0,1.0,1.0,1.0,1.0,1.0,1.0,1.0,1.0,1.0,1.0,1.0,1.0,1.0,1.0,1.0,1.0,1.0,0.0,0.0,0.0,0.0,0.0,0.0,0.0,0.0,0.0,0.0,0.0,0.0,0.0,0.0,0.0,0.0,0.0,0.0,0.0,0.0,0.0,0.0,0.0,0.0,0.0,0.0,0.0,0.0,0.0,0.0,0.0,0.0,0.0,0.0,0.0,0.0,0.0,0.0,0.0,0.0,0.0,0.0,0.0,0.0,0.0,0.0,0.0,0.0,0.0,0.0,0.0,0.0,0.0,0.0,0.0,0.0,0.0,0.0,0.0,0.0,0.0,0.0,0.0,0.0,0.0,0.0,0.0,0.0,0.0,0.0,0.0,0.0,0.0,0.0,0.0,0.0,0.0,0.0,0.0,0.0,0,0,0,0,0,0,0,1.0,0,0,0,0,0,0,0,0,0,0,0,0,0,0,0,0,0,0,0,0,0,0,0,0
0019,0.6935507897001377,0.6343728881040311,0.4399698175089079,0.6935507897001377,0.6920948415157708,0.6898683267246107,0.6844748273315001,0.6819579523027901,0.6734522971932657,0.662366426165494,0.6379099005590608,0.5991972102144107,0.5599616694617012,0.48805472230465385,0.4060532721844192,0.309819355979497,0.21699270650143923,0.13207966518070074,0.06824889482078439,0.02580282485249043,0.006254857860108598,0.0009123749600956783,0.43310804820068066,0.7357402912621359,0.7315375302663438,0.7260521949011918,0.7175022515761033,0.7133872416891285,0.700653983353151,0.6851251840942563,0.6541853404655197,0.6086039645719106,0.5631147540983606,0.475815813233587,0.3848946986201888,0.27929338103756707,0.18092682423366704,0.09808061420345489,0.04236130090188576,0.012655987255509336,0.0021019442984760903,8.7404947120007e-05,0.43748003710576616,0.6537805576319936,0.6547788046887268,0.6554877342979204,0.652967692047436,0.6519133249535684,0.6473066697264314,0.6403636776120764,0.6220393763970611,0.5899358493027204,0.5568262400945114,0.5006084399446749,0.42837498267123614,0.34368173346234504,0.260247947612281,0.17786428129475879,0.10995676584736655,0.052606387548191594,0.01861288468896472,0.009523809523809525,0.43299353470242496,0.825672454885938,0.8229485869935308,0.8193735103847464,0.8137555328566565,0.8110316649642493,0.8025195778004767,0.7919645897173987,0.7703438883214164,0.736976506639428,0.7017364657814096,0.6280217909431393,0.5413687436159347,0.42526387470207694,0.2984337759618659,0.17398706162751107,0.07916241062308478,0.024344569288389514,0.0040858018386108275,0.00017024174327545113,0.5300611078257442,0.8710488505747126,0.8681752873563219,0.8644037356321839,0.8584770114942529,0.8556034482758621,0.8466235632183908,0.8354885057471264,0.8126795977011494,0.7774784482758621,0.740301724137931,0.6625359195402298,0.5711206896551724,0.44863505747126436,0.31483477011494254,0.18354885057471265,0.08351293103448276,0.025682471264367818,0.004310344827586207,0.00017959770114942528,0.5591916212946157,0.6803184741687893,0.6811711308463663,0.6821818593244777,0.6806014987387383,0.6802119550636462,0.67689857462349,0.6724463332456824,0.6609683036078075,0.6387097095893454,0.6121143833252299,0.5696554215464696,0.512855618353276,0.43775621735550785,0.35279842906791387,0.25412595003604094,0.16588568227076206,0.08705140444841919,0.03401392826243569,0.018518518518518517,0.47885702065225877,0.945979032324236,0.9473003183089493,0.9469083235507535,0.9450973109272632,0.9435340862956335,0.9377294777346428,0.9296000835491981,0.9121162396101701,0.88625946526222,0.8590282640866315,0.7902757812570569,0.7065629845731988,0.5934625007051268,0.47476008503980766,0.3517177507807796,0.24239368947485537,0.12291314978225601,0.042779758543640446,0.019230769230769232,0.6630341616335362,0.6343728881040311,0.6362241558696796,0.6384272433296362,0.6416229026153416,0.643010713319521,0.6469091259997402,0.6511627965745063,0.6589112687308052,0.6694612105444319,0.6791559102920633,0.6970874396116497,0.7165394252885653,0.7414424699923556,0.769731162661551,0.8025952184273014,0.8382180932751545,0.8747473389113029,0.9155420153931599,0.9523327120453046,0.726710215315058,0.7347166787113967,0.7340635477340506,0.7328637566873061,0.7289417481392065,0.7271329653849234,0.7207470258671126,0.7121413884966753,0.6922313427624764,0.6593700488803559,0.6250962148167857,0.5607075967162436,0.48156912916550715,0.38230279313199284,0.27868759874142024,0.17591498989842838,0.09329760258868186,0.035786587524920865,0.00872058246242895,0.0012733224006341354,0.47818762737423925,4850.0,4834.0,4813.0,4780.0,4764.0,4714.0,4652.0,4525.0,4329.0,4122.0,3689.0,3180.0,2498.0,1753.0,1022.0,465.0,143.0,24.0,1.0,3113.5789473684213,1024.0,1040.0,1061.0,1094.0,1110.0,1160.0,1222.0,1349.0,1545.0,1752.0,2185.0,2694.0,3376.0,4121.0,4852.0,5409.0,5731.0,5850.0,5873.0,2760.4210526315787,718.0,734.0,755.0,788.0,804.0,854.0,916.0,1043.0,1239.0,1446.0,1879.0,2388.0,3070.0,3815.0,4546.0,5103.0,5425.0,5544.0,5567.0,2454.4210526315787,0.45556690500510727,0.678940691584811,0.4616956077630235,0.7048008171603677,0.7435344827586207,0.4032258064516129,0.5645161290322581,0.03225806451612903,0.22928404207713954,0.723649711588883,1.348441926345609,0.46143066011222894,2810.8144631611176,4140,1734,1428,36,25,35,2,238.0,1059,0.598496766299598,0.5829077289751448,0.6149425287356322,3424,2450,2144,5568,5874,151,62
0020,0,1.0,0,0.0,0.0,0.0,0.0,0.0,0.0,0.0,0.0,0.0,0.0,0.0,0.0,0.0,0.0,0.0,0.0,0.0,0.0,0.0,0.0,0.0,0.0,0.0,0.0,0.0,0.0,0.0,0.0,0.0,0.0,0.0,0.0,0.0,0.0,0.0,0.0,0.0,0.0,0.0,0.0,0.0,0.0,0.0,0.0,0.0,0.0,0.0,0.0,0.0,0.0,0.0,0.0,0.0,0.0,0.0,0.0,0.0,0.0,0.0,0.0,0.0,0.0,0.0,0.0,0.0,0.0,0.0,0.0,0.0,0.0,0.0,0.0,0.0,0.0,0.0,0.0,0.0,0.0,0.0,0.0,0.0,0.0,0.0,0.0,0.0,0.0,0.0,0.0,0.0,0.0,0.0,0.0,0.0,0.0,0.0,0.0,0.0,0.0,0.0,0.0,0.0,0.0,0.0,0.0,0.0,0.0,0.0,0.0,0.0,0.0,0.0,0.0,0.0,0.0,0.0,0.0,0.0,0.0,0.0,0.0,0.0,0.0,0.0,0.0,0.0,0.0,0.0,0.0,0.0,0.0,0.0,0.0,0.0,0.0,0.0,0.0,0.0,0.0,0.0,0.0,1.0,1.0,1.0,1.0,1.0,1.0,1.0,1.0,1.0,1.0,1.0,1.0,1.0,1.0,1.0,1.0,1.0,1.0,1.0,1.0,0.0,0.0,0.0,0.0,0.0,0.0,0.0,0.0,0.0,0.0,0.0,0.0,0.0,0.0,0.0,0.0,0.0,0.0,0.0,0.0,0.0,0.0,0.0,0.0,0.0,0.0,0.0,0.0,0.0,0.0,0.0,0.0,0.0,0.0,0.0,0.0,0.0,0.0,0.0,0.0,0.0,0.0,0.0,0.0,0.0,0.0,0.0,0.0,0.0,0.0,0.0,0.0,0.0,0.0,0.0,0.0,0.0,0.0,0.0,0.0,2.0,2.0,2.0,2.0,2.0,2.0,2.0,2.0,2.0,2.0,2.0,2.0,2.0,2.0,2.0,2.0,2.0,2.0,2.0,2.0,0,0,0,0,0,0,0,1.0,0,0,0,0,0,0,0,2,0,0,0,0,0,0,0,0,0,0,0,2,2,0,1,0
COMBINED,0.7106315360040221,0.6673409528598533,0.4742335263691852,0.7106315360040221,0.7087796367467112,0.7064775736313795,0.7017294789035284,0.6968244785793795,0.6870649933158559,0.6754436757515484,0.6581908255837803,0.6287480564648783,0.5963504095285217,0.5456966230123025,0.48924343430201434,0.4166768286965336,0.332728107617329,0.2348683157607144,0.14919156523368737,0.07959418419484265,0.030396122781567152,0.003718718597912082,0.47643971393192147,0.7120018535681186,0.7079127821866091,0.7033195020746889,0.6961511974902441,0.6894291593628534,0.6751303559283609,0.6597035040431267,0.6372701085752271,0.6020091060200911,0.5640301982643053,0.5007108523458127,0.43392198719192704,0.3494247275826383,0.25670389477861555,0.15899822231517308,0.08295471200351752,0.03419800317252963,0.008966772872098315,0.0006771397616468039,0.4459744252388202,0.7092638557507936,0.7096475527890287,0.7096498256791952,0.7073524592610048,0.7042991253752102,0.6992106056185213,0.6915593995131155,0.679798341477551,0.6566746491957026,0.630522642296867,0.594724086709764,0.5516179061508562,0.49687261910088976,0.43126729220094123,0.34694177673840865,0.268316562125293,0.18525158108446138,0.10303866210630337,0.020422472277843193,0.5208648113395659,0.8298676748582231,0.8270771446574849,0.8239265460437483,0.8189756053650193,0.8142947159960392,0.8042128004320821,0.7931406967323792,0.7766675668376991,0.7498424700693131,0.7195967233774417,0.6657664956341705,0.6038347285984337,0.516698172652804,0.4075974435142677,0.2737420109820866,0.1528490413178504,0.06598253668196957,0.017733369340174634,0.0013502565487442614,0.5612187368231542,0.8336950623982637,0.8308916621450534,0.8277265328269127,0.8227527581841201,0.8180502803400254,0.8079218665219751,0.7967986977753663,0.7802495930548019,0.7533007777174896,0.7229155362633387,0.6688370410562489,0.6066196418882257,0.5190812081750769,0.4094773015011756,0.2750045216133116,0.15355398806294085,0.06628685114848978,0.01781515644782058,0.0013564839934888768,0.5638071032165329,0.7354561427584814,0.7361522592939688,0.7367252484573948,0.7355538517893019,0.7339782539203559,0.7310521337049006,0.7266820357730235,0.7199065178822194,0.7048899029630297,0.6860703728251735,0.6609653844654525,0.6304638829354612,0.587865898587956,0.5306756436611417,0.45048033894656647,0.3697904448964244,0.27690824747304615,0.16964780095540774,0.04124596226405302,0.5770794907133346,0.9441371154054033,0.9447746030657252,0.9443171396204024,0.9429066595086378,0.9394921617351659,0.9322937181884035,0.9238839129618035,0.9108551817086207,0.8901798926352505,0.8667755391733577,0.8216754572070671,0.7713107985192545,0.7021285497323366,0.6216621116457659,0.5124051981129858,0.40889290493960084,0.29292990503278044,0.1772686011915228,0.039232101933680125,0.7151116606483034,0.6673409528598533,0.6693276424943262,0.6713969672848901,0.6743771360526958,0.6769588665684587,0.6819961969918013,0.6869385033791772,0.6935486544683148,0.7030834044218515,0.7125657363766412,0.7276394983399185,0.7431943940074054,0.7629695565656948,0.7862770628754087,0.8163049099237271,0.8497836948754937,0.8844696155140881,0.9214919589354662,0.9572704034488536,0.7519439555465298,0.7671995482486217,0.7661157038423907,0.7646563475002397,0.7611204954077354,0.7573024866416759,0.7498760692516352,0.7406104940936621,0.7266204812800647,0.7017140022721545,0.6735889157432092,0.629243491089095,0.5771360746398014,0.5066884391128759,0.41926536438444845,0.30817615037194246,0.2025140224541315,0.1105593471593349,0.04274602497833611,0.005251245274666372,0.5373886686182117,9219.0,9188.0,9153.0,9098.0,9046.0,8934.0,8811.0,8628.0,8330.0,7994.0,7396.0,6708.0,5740.0,4528.0,3041.0,1698.0,733.0,197.0,15.0,6234.578947368421,1890.0,1921.0,1956.0,2011.0,2063.0,2175.0,2298.0,2481.0,2779.0,3115.0,3713.0,4401.0,5369.0,6581.0,8068.0,9411.0,10376.0,10912.0,11094.0,4874.421052631579,1839.0,1870.0,1905.0,1960.0,2012.0,2124.0,2247.0,2430.0,2728.0,3064.0,3662.0,4350.0,5318.0,6530.0,8017.0,9360.0,10325.0,10861.0,11043.0,4823.421052631579,0.44279413088486813,0.7122923691474048,0.45062561886758484,0.7230173733009272,0.7263519623801773,0.5149700598802395,0.41317365269461076,0.0718562874251497,0.23477651534719193,0.72468083186719,0.5280055836677717,0.45045102896276723,5721.132308991955,8032,3077,3026,87,86,69,12,383.0,5731,0.6366220056841251,0.6351606805293005,0.6380900705371677,7056,4053,4002,11058,11109,342,167
